return {
	Frames = {
		[0] = CFrame.new(2.0529098510742188, 2.473916530609131, -5.246971130371094, -0.9702584743499756, -0.07642607390880585, 0.22969204187393188, -0.00003067031502723694, 0.9488928914070129, 0.3155983090400696, -0.24207308888435364, 0.30620473623275757, -0.9206737279891968),
		[1] = CFrame.new(2.0569381713867188, 2.4707717895507812, -5.243431091308594, -0.9699041843414307, -0.07661464810371399, 0.23112145066261292, 0.00016278401017189026, 0.9490023851394653, 0.31526878476142883, -0.24348902702331543, 0.30581799149513245, -0.9204288721084595),
		[2] = CFrame.new(2.0689773559570312, 2.46136474609375, -5.23284912109375, -0.9688243865966797, -0.07725132256746292, 0.23539716005325317, 0.0006447881460189819, 0.9493541121482849, 0.3142074644565582, -0.24774819612503052, 0.30456361174583435, -0.9197076559066772),
		[3] = CFrame.new(2.08892822265625, 2.4457755088806152, -5.215301513671875, -0.9669811725616455, -0.07833625376224518, 0.24251016974449158, 0.001417018473148346, 0.949918270111084, 0.31249523162841797, -0.2548445463180542, 0.3025205731391907, -0.9184420108795166),
		[4] = CFrame.new(2.1166305541992188, 2.4241366386413574, -5.190948486328125, -0.9643548727035522, -0.07982655614614487, 0.25228431820869446, 0.002437375485897064, 0.9506911039352417, 0.3101298213005066, -0.2646010220050812, 0.2996901273727417, -0.9166090488433838),
		[5] = CFrame.new(2.1518325805664062, 2.3966331481933594, -5.159996032714844, -0.960889458656311, -0.0816027894616127, 0.2646363377571106, 0.0037570372223854065, 0.95167076587677, 0.3070971965789795, -0.27690666913986206, 0.29608070850372314, -0.9141438007354736),
		[6] = CFrame.new(2.194244384765625, 2.3635001182556152, -5.122711181640625, -0.9564788341522217, -0.08370961993932724, 0.27953729033470154, 0.005253985524177551, 0.9528734087944031, 0.3033226728439331, -0.29175469279289246, 0.2915903925895691, -0.9109634160995483),
		[7] = CFrame.new(2.243499755859375, 2.325019359588623, -5.07940673828125, -0.951052188873291, -0.08612535148859024, 0.2967865467071533, 0.006910644471645355, 0.9542121887207031, 0.29905077815055847, -0.3089531660079956, 0.2864638864994049, -0.9069104194641113),
		[8] = CFrame.new(2.2991867065429688, 2.281519889831543, -5.030448913574219, -0.9445638656616211, -0.08866770565509796, 0.31612837314605713, 0.008714277297258377, 0.955734372138977, 0.29410189390182495, -0.32821208238601685, 0.28055286407470703, -0.9019794464111328),
		[9] = CFrame.new(2.3608169555664062, 2.233372688293457, -4.976264953613281, -0.936935544013977, -0.09137110412120819, 0.3373481333255768, 0.010534320026636124, 0.9574006795883179, 0.2885705828666687, -0.3493443429470062, 0.27392566204071045, -0.8960602283477783),
		[10] = CFrame.new(2.4278717041015625, 2.18098783493042, -4.9173126220703125, -0.9280601739883423, -0.0941990464925766, 0.36032038927078247, 0.012339070439338684, 0.9591761827468872, 0.28253990411758423, -0.37222570180892944, 0.26666003465652466, -0.8890109062194824),
		[11] = CFrame.new(2.4997711181640625, 2.1248130798339844, -4.854095458984375, -0.9179060459136963, -0.09690932929515839, 0.384782075881958, 0.014224130660295486, 0.9610582590103149, 0.2759794294834137, -0.3965429663658142, 0.258796364068985, -0.8807827234268188),
		[12] = CFrame.new(2.5759201049804688, 2.0653276443481445, -4.787147521972656, -0.9064795970916748, -0.09960299730300903, 0.41033488512039185, 0.01595723256468773, 0.9630059003829956, 0.2690075635910034, -0.4219488501548767, 0.25039756298065186, -0.8713557720184326),
		[13] = CFrame.new(2.6556472778320312, 2.0030384063720703, -4.717048645019531, -0.8937498331069946, -0.10213974118232727, 0.4367830455303192, 0.01756812259554863, 0.9650132060050964, 0.26161208748817444, -0.4482223689556122, 0.24148912727832794, -0.8606859445571899),
		[14] = CFrame.new(2.7382888793945312, 1.9384775161743164, -4.6443939208984375, -0.8797818422317505, -0.10446422547101974, 0.46375760436058044, 0.019002147018909454, 0.9670485258102417, 0.2538820207118988, -0.4749976694583893, 0.23217317461967468, -0.848806619644165),
		[15] = CFrame.new(2.8231353759765625, 1.8721957206726074, -4.569801330566406, -0.8645409345626831, -0.10664388537406921, 0.4911171495914459, 0.020164314657449722, 0.9690784811973572, 0.24592739343643188, -0.5021576881408691, 0.22251734137535095, -0.8356575965881348),
		[16] = CFrame.new(2.909454345703125, 1.8047575950622559, -4.493904113769531, -0.8482011556625366, -0.10844191908836365, 0.5184545516967773, 0.021146763116121292, 0.9711043834686279, 0.23771633207798004, -0.5292519330978394, 0.2125949114561081, -0.8213986158370972),
		[17] = CFrame.new(2.99652099609375, 1.7367396354675293, -4.4173583984375, -0.8308771848678589, -0.10994574427604675, 0.5454861521720886, 0.021870706230401993, 0.973076581954956, 0.22944211959838867, -0.5560259222984314, 0.20256838202476501, -0.8061025142669678),
		[18] = CFrame.new(3.0761566162109375, 1.6648693084716797, -4.3272857666015625, -0.8105857372283936, -0.11196081340312958, 0.5748177170753479, 0.022377822548151016, 0.9749156832695007, 0.2214466780424118, -0.5851921439170837, 0.19236470758914948, -0.7877472639083862),
		[19] = CFrame.new(3.1557846069335938, 1.5929994583129883, -4.237213134765625, -0.7891942262649536, -0.11373457312583923, 0.6035204529762268, 0.0225340835750103, 0.9766780138015747, 0.21352355182170868, -0.6137301325798035, 0.18211133778095245, -0.7682256698608398),
		[20] = CFrame.new(3.2354202270507812, 1.5211291313171387, -4.1471405029296875, -0.7669001817703247, -0.1149415448307991, 0.6313894987106323, 0.022497333586215973, 0.9784108996391296, 0.2054409682750702, -0.6413720846176147, 0.1717572808265686, -0.7477576732635498),
		[21] = CFrame.new(3.3150482177734375, 1.449258804321289, -4.05706787109375, -0.7436022758483887, -0.11589623987674713, 0.658501148223877, 0.0221012644469738, 0.9800640344619751, 0.19744883477687836, -0.6682568788528442, 0.16137711703777313, -0.7262164354324341),
		[22] = CFrame.new(3.394683837890625, 1.3773884773254395, -3.9669952392578125, -0.7193868160247803, -0.11647963523864746, 0.684773862361908, 0.021388906985521317, 0.9816575050354004, 0.18944939970970154, -0.6942804455757141, 0.15093395113945007, -0.703700065612793),
		[23] = CFrame.new(3.4743118286132812, 1.305518627166748, -3.876922607421875, -0.694216251373291, -0.11661753058433533, 0.7102564573287964, 0.020447898656129837, 0.983193576335907, 0.18141740560531616, -0.7194759845733643, 0.14046615362167358, -0.6801643371582031),
		[24] = CFrame.new(3.5539474487304688, 1.2336483001708984, -3.7868499755859375, -0.6682441234588623, -0.116409532725811, 0.734778106212616, 0.019216008484363556, 0.9846512079238892, 0.17347246408462524, -0.743694007396698, 0.13004142045974731, -0.6557503938674927),
		[25] = CFrame.new(3.5980300903320312, 1.185685634613037, -3.7200088500976562, -0.6494100093841553, -0.11666922271251678, 0.7514352202415466, 0.018286794424057007, 0.9854787588119507, 0.16881117224693298, -0.7602185606956482, 0.1233690083026886, -0.6378463506698608),
		[26] = CFrame.new(3.642120361328125, 1.1377229690551758, -3.653167724609375, -0.6301347017288208, -0.11666761338710785, 0.7676711082458496, 0.01728740707039833, 0.9862949848175049, 0.16408339142799377, -0.7762933969497681, 0.11666569113731384, -0.6194819211959839),
		[27] = CFrame.new(3.6862030029296875, 1.0897598266601562, -3.5863189697265625, -0.6104904413223267, -0.11659002304077148, 0.7833952903747559, 0.01609106734395027, 0.9870760440826416, 0.1594426929950714, -0.7918601036071777, 0.10994389653205872, -0.6007243394851685),
		[28] = CFrame.new(3.73028564453125, 1.041797161102295, -3.5194778442382812, -0.5904989242553711, -0.1162828803062439, 0.7986176013946533, 0.014854174107313156, 0.9878315329551697, 0.1548166424036026, -0.8069021701812744, 0.10328181087970734, -0.5815861225128174),
		[29] = CFrame.new(3.7743759155273438, 0.9938344955444336, -3.45263671875, -0.5700812339782715, -0.11590570211410522, 0.8133718967437744, 0.013432074338197708, 0.9885517358779907, 0.15028324723243713, -0.8214788436889648, 0.09659887850284576, -0.5619980096817017),
		[30] = CFrame.new(3.8184585571289062, 0.9458718299865723, -3.3857955932617188, -0.5493353605270386, -0.11526072025299072, 0.8276145458221436, 0.011930514127016068, 0.9892581105232239, 0.14569155871868134, -0.8355169296264648, 0.08990737050771713, -0.5420593023300171),
		[31] = CFrame.new(3.8326492309570312, 0.8984236717224121, -3.2978057861328125, -0.524773120880127, -0.11633706092834473, 0.8432549238204956, 0.010660648345947266, 0.9896411299705505, 0.14316709339618683, -0.8511754274368286, 0.08411987125873566, -0.5180968046188354),
		[32] = CFrame.new(3.8468475341796875, 0.850975751876831, -3.2098159790039062, -0.49973177909851074, -0.11722774803638458, 0.8582109808921814, 0.00927932932972908, 0.9900180101394653, 0.14063529670238495, -0.8661306500434875, 0.07824352383613586, -0.4936556816101074),
		[33] = CFrame.new(3.8610382080078125, 0.8035275936126709, -3.1218185424804688, -0.4742238521575928, -0.11797329783439636, 0.8724644184112549, 0.007829789072275162, 0.9903771281242371, 0.13817311823368073, -0.8803695440292358, 0.0723561942577362, -0.46873676776885986),
		[34] = CFrame.new(3.8752288818359375, 0.7560796737670898, -3.0338287353515625, -0.4483588933944702, -0.11849698424339294, 0.8859643340110779, 0.00638044998049736, 0.9907242655754089, 0.13573747873306274, -0.8938308358192444, 0.06651195883750916, -0.44344401359558105),
		[35] = CFrame.new(3.8894271850585938, 0.7086315155029297, -2.9458389282226562, -0.42214512825012207, -0.11894644796848297, 0.898690938949585, 0.004786629229784012, 0.9910481572151184, 0.13341885805130005, -0.9065157175064087, 0.06062379851937294, -0.4177967309951782),
		[36] = CFrame.new(3.9036178588867188, 0.6611835956573486, -2.85784912109375, -0.39551806449890137, -0.11913229525089264, 0.910699188709259, 0.003155544400215149, 0.9913699626922607, 0.13105562329292297, -0.918452799320221, 0.05470862239599228, -0.39172887802124023),
		[37] = CFrame.new(3.9178085327148438, 0.6137354373931885, -2.7698516845703125, -0.3685821294784546, -0.11917006969451904, 0.9219253063201904, 0.0014549195766448975, 0.9916737079620361, 0.12876759469509125, -0.9295943975448608, 0.04880271852016449, -0.36533987522125244),
		[38] = CFrame.new(3.9320068359375, 0.5662875175476074, -2.6818618774414062, -0.3413550853729248, -0.11906035989522934, 0.9323632121086121, -0.00031290203332901, 0.9919593930244446, 0.12655606865882874, -0.9399343132972717, 0.04290882125496864, -0.33864760398864746),
		[39] = CFrame.new(3.946197509765625, 0.5188393592834473, -2.5938720703125, -0.3137553930282593, -0.11875562369823456, 0.9420480728149414, -0.002189572900533676, 0.9922356009483337, 0.1243530660867691, -0.9495012760162354, 0.03695376217365265, -0.3115793466567993),
		[40] = CFrame.new(3.8695907592773438, 0.4766886234283447, -2.4493942260742188, -0.27629756927490234, -0.12391917407512665, 0.9530497193336487, -0.0021564215421676636, 0.9917300343513489, 0.12832337617874146, -0.9610697627067566, 0.033400245010852814, -0.2742798328399658),
		[41] = CFrame.new(3.7929840087890625, 0.4345378875732422, -2.3049163818359375, -0.23837065696716309, -0.12888053059577942, 0.9625847339630127, -0.0020699873566627502, 0.9912206530570984, 0.13220199942588806, -0.9711720943450928, 0.029520533978939056, -0.23654472827911377),
		[42] = CFrame.new(3.7163772583007812, 0.39238739013671875, -2.160430908203125, -0.20001471042633057, -0.133734792470932, 0.9706230759620667, -0.0018255412578582764, 0.9906901717185974, 0.13612350821495056, -0.9797912240028381, 0.025454796850681305, -0.19839680194854736),
		[43] = CFrame.new(3.6397781372070312, 0.3502366542816162, -2.0159530639648438, -0.16138911247253418, -0.13840985298156738, 0.9771367907524109, -0.0013621821999549866, 0.9901466369628906, 0.140027716755867, -0.9868898987770081, 0.021267909556627274, -0.1599874496459961),
		[44] = CFrame.new(3.56317138671875, 0.30808591842651367, -1.8714752197265625, -0.12253248691558838, -0.14291176199913025, 0.9821211695671082, -0.0008023381233215332, 0.9895920753479004, 0.14389878511428833, -0.9924641251564026, 0.01684429496526718, -0.12137186527252197),
		[45] = CFrame.new(3.4865646362304688, 0.26593518257141113, -1.7269973754882812, -0.08349990844726562, -0.14722682535648346, 0.9855720400810242, -0.000025719404220581055, 0.9890261292457581, 0.14774064719676971, -0.9965079426765442, 0.012310966849327087, -0.0825873613357544),
		[46] = CFrame.new(3.5539627075195312, -0.10140824317932129, -0.5620956420898438, 0.261083722114563, -0.033117666840553284, 0.9647479057312012, 0.04611905664205551, 0.9986979961395264, 0.021802183240652084, -0.9642138481140137, 0.03880106657743454, 0.2622711658477783),
		[47] = CFrame.new(3.6213531494140625, -0.4687514305114746, 0.602813720703125, 0.5768812894821167, 0.0654158815741539, 0.8142043948173523, 0.046145446598529816, 0.9925861358642578, -0.11244270205497742, -0.8155235648155212, 0.10243791341781616, 0.5695856809616089),
		[48] = CFrame.new(3.688751220703125, -0.836094856262207, 1.7677154541015625, 0.8212558627128601, 0.1351458728313446, 0.5543234348297119, 0.00003553926944732666, 0.9715303778648376, -0.2369149774312973, -0.570560097694397, 0.19458751380443573, 0.7978702187538147),
		[49] = CFrame.new(4.413856506347656, -0.9918453693389893, 2.6816329956054688, 0.891552746295929, 0.11077545583248138, 0.43916115164756775, -0.000026173889636993408, 0.9696411490440369, -0.24453234672546387, -0.4529168903827667, 0.21800199151039124, 0.8644890785217285),
		[50] = CFrame.new(4.838592529296875, -1.392904281616211, 3.9255218505859375, 0.8830811381340027, 0.16739074885845184, 0.4383469521999359, 0.000012218952178955078, 0.9341946244239807, -0.3567637801170349, -0.4692203104496002, 0.3150567412376404, 0.824967622756958),
		[51] = CFrame.new(5.0375213623046875, -1.405066967010498, 4.201057434082031, 0.8627938032150269, 0.1677313894033432, 0.47692036628723145, 0.0010570734739303589, 0.9427575469017029, -0.3334771990776062, -0.5055548548698425, 0.2882261872291565, 0.8132280707359314),
		[52] = CFrame.new(5.236442565917969, -1.4172296524047852, 4.476593017578125, 0.8410322070121765, 0.16678744554519653, 0.5146326422691345, 0.0010754317045211792, 0.9507707953453064, -0.30989310145378113, -0.5409839749336243, 0.2611835300922394, 0.7994495034217834),
		[53] = CFrame.new(5.435371398925781, -1.4293923377990723, 4.752128601074219, 0.8178308606147766, 0.16466403007507324, 0.5513967871665955, 0.000008590519428253174, 0.9581831693649292, -0.28615567088127136, -0.5754587054252625, 0.23403169214725494, 0.78363037109375),
		[54] = CFrame.new(5.856697082519531, -1.4735126495361328, 5.4976043701171875, 0.7895026206970215, 0.14383432269096375, 0.5966550707817078, -0.000006370246410369873, 0.9721531867980957, -0.23434637486934662, -0.6137471795082092, 0.1850132793188095, 0.7675184011459351),
		[55] = CFrame.new(5.674346923828125, -1.4485085010528564, 5.7629547119140625, 0.8349431157112122, 0.13721433281898499, 0.5329561233520508, 0.0010647550225257874, 0.9680144786834717, -0.25089210271835327, -0.5503352880477905, 0.21004809439182281, 0.8080909252166748),
		[56] = CFrame.new(5.491996765136719, -1.4235044717788696, 6.0283050537109375, 0.8752816319465637, 0.12862733006477356, 0.466194212436676, 0.0007495656609535217, 0.9636189937591553, -0.2672787606716156, -0.48361295461654663, 0.2342936247587204, 0.843341588973999),
		[57] = CFrame.new(5.6245880126953125, -1.4908958673477173, 6.386070251464844, 0.8794617652893066, 0.12800395488739014, 0.4584342837333679, 0.0008415952324867249, 0.9627391695976257, -0.27043041586875916, -0.47596877813339233, 0.23821903765201569, 0.8465845584869385),
		[58] = CFrame.new(5.757179260253906, -1.5582871437072754, 6.74383544921875, 0.8835644721984863, 0.12743204832077026, 0.4506383240222931, 0.0008237585425376892, 0.9618415236473083, -0.2736058533191681, -0.46830883622169495, 0.24211964011192322, 0.8497440218925476),
		[59] = CFrame.new(5.8897705078125, -1.625678539276123, 7.101600646972656, 0.8876360058784485, 0.12681785225868225, 0.4427409768104553, 0.0007663518190383911, 0.9609318971633911, -0.27678385376930237, -0.46054506301879883, 0.24602261185646057, 0.8528605699539185),
		[60] = CFrame.new(6.022361755371094, -1.6930699348449707, 7.4593658447265625, 0.8916001915931702, 0.12608081102371216, 0.43491703271865845, 0.0007567405700683594, 0.9600395560264587, -0.27986329793930054, -0.4528229236602783, 0.24985527992248535, 0.8558760285377502),
		[61] = CFrame.new(6.1549530029296875, -1.7604612112045288, 7.8171234130859375, 0.8955261707305908, 0.1254039704799652, 0.42697396874427795, 0.0006449446082115173, 0.9591060876846313, -0.28304600715637207, -0.44500842690467834, 0.2537505030632019, 0.8588237166404724),
		[62] = CFrame.new(6.287544250488281, -1.8278526067733765, 8.174888610839844, 0.8993788957595825, 0.12467692047357559, 0.4190146327018738, 0.0004860684275627136, 0.9581849575042725, -0.286149263381958, -0.43716973066329956, 0.2575603127479553, 0.8617107272148132),
		[63] = CFrame.new(6.420135498046875, -1.8952438831329346, 8.53265380859375, 0.9031640291213989, 0.12385429441928864, 0.41104114055633545, 0.000402793288230896, 0.957233190536499, -0.28931716084480286, -0.4292954206466675, 0.2614664137363434, 0.8644887208938599),
		[64] = CFrame.new(6.552726745605469, -1.9626352787017822, 8.890419006347656, 0.9068705439567566, 0.12306534498929977, 0.40303945541381836, 0.00018996745347976685, 0.9562888145446777, -0.2924237847328186, -0.42140936851501465, 0.2652670741081238, 0.8672068119049072),
		[65] = CFrame.new(6.573387145996094, -1.9945087432861328, 8.985458374023438, 0.907904863357544, 0.12293655425310135, 0.4007435441017151, 0.00020705163478851318, 0.9558945894241333, -0.293709933757782, -0.41917628049850464, 0.26674365997314453, 0.8678358793258667),
		[66] = CFrame.new(6.59405517578125, -2.0263822078704834, 9.08050537109375, 0.9088968634605408, 0.1228162944316864, 0.3985256552696228, 0.00023413076996803284, 0.9554983973503113, -0.2949962913990021, -0.4170209765434265, 0.26821449398994446, 0.8684207201004028),
		[67] = CFrame.new(6.614715576171875, -2.058255672454834, 9.175544738769531, 0.9099196791648865, 0.12268057465553284, 0.39622676372528076, 0.0002449117600917816, 0.9551002979278564, -0.2962826192378998, -0.41478443145751953, 0.2696904242038727, 0.8690345287322998),
		[68] = CFrame.new(6.635383605957031, -2.0901293754577637, 9.270584106445312, 0.9108951687812805, 0.12265442311763763, 0.39398717880249023, 0.00020090118050575256, 0.9546694159507751, -0.29766809940338135, -0.4126378297805786, 0.27122360467910767, 0.8695790767669678),
		[69] = CFrame.new(6.656044006347656, -2.1220028400421143, 9.365623474121094, 0.9119064807891846, 0.12251174449920654, 0.39168548583984375, 0.000205259770154953, 0.9542673230171204, -0.2989545464515686, -0.41039812564849854, 0.2726989984512329, 0.8701773881912231),
		[70] = CFrame.new(6.6767120361328125, -2.153876304626465, 9.460670471191406, 0.9128763675689697, 0.12237775325775146, 0.38946178555488586, 0.00021984055638313293, 0.9538633823394775, -0.3002408444881439, -0.4082361161708832, 0.2741684019565582, 0.8707324266433716),
		[71] = CFrame.new(6.6973724365234375, -2.1857497692108154, 9.555709838867188, 0.9138761758804321, 0.12222811579704285, 0.3871571123600006, 0.00021787360310554504, 0.9534575343132019, -0.3015272617340088, -0.40599295496940613, 0.27564293146133423, 0.8713154792785645),
		[72] = CFrame.new(6.718040466308594, -2.217623233795166, 9.650749206542969, 0.9148701429367065, 0.12207499146461487, 0.38485097885131836, 0.0002127327024936676, 0.9530497193336487, -0.30281373858451843, -0.403748095035553, 0.2771171033382416, 0.8718907833099365),
		[73] = CFrame.new(6.738700866699219, -2.2494969367980957, 9.74578857421875, 0.9158233404159546, 0.1219308003783226, 0.38262322545051575, 0.00021797418594360352, 0.9526400566101074, -0.3041001558303833, -0.40158137679100037, 0.27858543395996094, 0.8724234104156494),
		[74] = CFrame.new(6.759368896484375, -2.281370162963867, 9.840835571289062, 0.9168003797531128, 0.12185416370630264, 0.38030073046684265, 0.00012311339378356934, 0.952223002910614, -0.30540362000465393, -0.3993457853794098, 0.2800409495830536, 0.8729833960533142),
		[75] = CFrame.new(6.780029296875, -2.313243865966797, 9.935874938964844, 0.9177424907684326, 0.12170320004224777, 0.37807026505470276, 0.0001221299171447754, 0.9518094658851624, -0.30668994784355164, -0.39717599749565125, 0.28150853514671326, 0.8735010623931885),
		[76] = CFrame.new(6.725944519042969, -2.293318271636963, 9.827796936035156, 0.9188960790634155, 0.12128950655460358, 0.37539151310920715, 0.00018491223454475403, 0.9514312148094177, -0.3078613579273224, -0.3944995701313019, 0.28296199440956116, 0.874243974685669),
		[77] = CFrame.new(6.6718597412109375, -2.27339243888855, 9.719718933105469, 0.9200361967086792, 0.12095533311367035, 0.37269723415374756, 0.00016082823276519775, 0.9510458111763, -0.3090498745441437, -0.3918333649635315, 0.28439703583717346, 0.8749771118164062),
		[78] = CFrame.new(6.617774963378906, -2.253466844558716, 9.611640930175781, 0.9211395978927612, 0.12054651230573654, 0.37009504437446594, 0.0002305731177330017, 0.9506641030311584, -0.3102220594882965, -0.38923224806785583, 0.285843163728714, 0.8756665587425232),
		[79] = CFrame.new(6.563690185546875, -2.2335410118103027, 9.503562927246094, 0.9222636818885803, 0.12020455300807953, 0.36739709973335266, 0.0001996271312236786, 0.9502753019332886, -0.3114110827445984, -0.38656142354011536, 0.2872764468193054, 0.8763803243637085),
		[80] = CFrame.new(6.509605407714844, -2.2136154174804688, 9.395477294921875, 0.9233848452568054, 0.11977516114711761, 0.36471128463745117, 0.00024870410561561584, 0.9498900771141052, -0.3125839829444885, -0.38387542963027954, 0.2887260317802429, 0.8770843744277954),
		[81] = CFrame.new(6.4555206298828125, -2.1936898231506348, 9.287399291992188, 0.9244979023933411, 0.11935797333717346, 0.3620184063911438, 0.0003113485872745514, 0.9494762420654297, -0.31383875012397766, -0.3811870217323303, 0.29025599360466003, 0.8777515888214111),
		[82] = CFrame.new(6.401435852050781, -2.173764228820801, 9.1793212890625, 0.9255645871162415, 0.11901712417602539, 0.3593955636024475, 0.0002839528024196625, 0.9490821361541748, -0.3150285482406616, -0.3785896897315979, 0.29168128967285156, 0.8784030079841614),
		[83] = CFrame.new(6.34735107421875, -2.1538383960723877, 9.071243286132812, 0.926661491394043, 0.11857587099075317, 0.3567046821117401, 0.0003226436674594879, 0.9486916661262512, -0.3162025511264801, -0.37589672207832336, 0.29312780499458313, 0.8790777921676636),
		[84] = CFrame.new(6.293266296386719, -2.1339128017425537, 8.963165283203125, 0.92774498462677, 0.11821425706148148, 0.35399797558784485, 0.00027432292699813843, 0.9482941627502441, -0.3173927068710327, -0.37321457266807556, 0.2945566177368164, 0.8797427415847778),
		[85] = CFrame.new(6.170280456542969, -2.1084940433502197, 8.660400390625, 0.9286490678787231, 0.11826971173286438, 0.3516009449958801, 0.00032458826899528503, 0.9475554823875427, -0.31959113478660583, -0.3709593415260315, 0.2969021499156952, 0.8799080848693848),
		[86] = CFrame.new(6.047294616699219, -2.0830750465393066, 8.357643127441406, 0.9295740127563477, 0.11840515583753586, 0.34910234808921814, 0.0002879127860069275, 0.9467784762382507, -0.3218858242034912, -0.36863550543785095, 0.2993171811103821, 0.8800665140151978),
		[87] = CFrame.new(5.924308776855469, -2.0576562881469727, 8.054878234863281, 0.9304608702659607, 0.11854779720306396, 0.3466828763484955, 0.00025981292128562927, 0.945995569229126, -0.32417938113212585, -0.36639121174812317, 0.3017263114452362, 0.880181074142456),
		[88] = CFrame.new(5.801322937011719, -2.0322375297546387, 7.752113342285156, 0.9313471913337708, 0.11860084533691406, 0.34427645802497864, 0.0003096237778663635, 0.9452121257781982, -0.32645660638809204, -0.3641323149204254, 0.3041510581970215, 0.8802839517593384),
		[89] = CFrame.new(5.678337097167969, -2.0068187713623047, 7.4493560791015625, 0.9322537183761597, 0.11871779710054398, 0.34177350997924805, 0.00025556981563568115, 0.9444175958633423, -0.3287481963634491, -0.3618052005767822, 0.306564062833786, 0.8804064393043518),
		[90] = CFrame.new(5.555351257324219, -1.9813998937606812, 7.1465911865234375, 0.9331281185150146, 0.1187586784362793, 0.33936449885368347, 0.0002939552068710327, 0.9436224699020386, -0.33102357387542725, -0.35954388976097107, 0.3089871406555176, 0.8804857134819031),
		[91] = CFrame.new(5.36346435546875, -1.9504879713058472, 6.649147033691406, 0.9338518381118774, 0.11936353147029877, 0.33715447783470154, 0.00024290382862091064, 0.9424552321434021, -0.33433225750923157, -0.35766008496284485, 0.3122986853122711, 0.8800845146179199),
		[92] = CFrame.new(5.17156982421875, -1.9195759296417236, 6.151710510253906, 0.9345710873603821, 0.11997583508491516, 0.33493688702583313, 0.0002008788287639618, 0.9412468671798706, -0.33771926164627075, -0.35577645897865295, 0.31568992137908936, 0.8796380162239075),
		[93] = CFrame.new(4.979682922363281, -1.8886640071868896, 5.654266357421875, 0.9352859258651733, 0.12058039754629135, 0.3327169120311737, 0.00015188008546829224, 0.9400259256362915, -0.3411030173301697, -0.35389283299446106, 0.3190793991088867, 0.8791747093200684),
		[94] = CFrame.new(4.7697296142578125, -1.8792502880096436, 5.2448883056640625, 0.9378770589828491, 0.11928658932447433, 0.3258179724216461, 0.0003234967589378357, 0.9387428164482117, -0.3446183502674103, -0.3469676077365875, 0.3233150541782379, 0.8803867697715759),
		[95] = CFrame.new(4.559783935546875, -1.8698365688323975, 4.83551025390625, 0.940409779548645, 0.11806079000234604, 0.31889042258262634, 0.0004000663757324219, 0.9374088048934937, -0.3482307195663452, -0.3400430977344513, 0.3276071548461914, 0.8815011382102966),
		[96] = CFrame.new(4.349830627441406, -1.8604228496551514, 4.4261322021484375, 0.9429233074188232, 0.116692453622818, 0.3118950128555298, 0.0005024634301662445, 0.9360940456390381, -0.3517494201660156, -0.33300960063934326, 0.3318294286727905, 0.8826062679290771),
		[97] = CFrame.new(4.1398773193359375, -1.8510090112686157, 4.016746520996094, 0.9453492164611816, 0.11540626734495163, 0.3049529194831848, 0.0005245506763458252, 0.9347277879714966, -0.3553641438484192, -0.3260592222213745, 0.3361032009124756, 0.883583664894104),
		[98] = CFrame.new(3.929931640625, -1.8415952920913696, 3.6073684692382812, 0.9477270841598511, 0.11399294435977936, 0.29802507162094116, 0.0005887337028980255, 0.9333814382553101, -0.3588854670524597, -0.31908148527145386, 0.34030091762542725, 0.8845237493515015),
		[99] = CFrame.new(3.7199783325195312, -1.8321815729141235, 3.1979904174804688, 0.9500736594200134, 0.11263137310743332, 0.2909882962703705, 0.0005402266979217529, 0.9319829344749451, -0.36250174045562744, -0.3120252192020416, 0.34456056356430054, 0.8853915929794312),
		[100] = CFrame.new(3.4919662475585938, -1.8442660570144653, 2.8766708374023438, 0.9539869427680969, 0.10926935076713562, 0.27922946214675903, 0.0006295628845691681, 0.9305043816566467, -0.3662802278995514, -0.29984742403030396, 0.3496023714542389, 0.8876202702522278),
		[101] = CFrame.new(3.2639541625976562, -1.8563505411148071, 2.5553512573242188, 0.957740306854248, 0.10584858059883118, 0.2674500644207001, 0.0006695650517940521, 0.9290039539337158, -0.3700692057609558, -0.2876334488391876, 0.35460925102233887, 0.8896737098693848),
		[102] = CFrame.new(3.03594970703125, -1.868435025215149, 2.234039306640625, 0.961333692073822, 0.10235807299613953, 0.2556566596031189, 0.0006477497518062592, 0.9275141358375549, -0.3737875819206238, -0.275385320186615, 0.3595002293586731, 0.8915842771530151),
		[103] = CFrame.new(2.8079376220703125, -1.8805195093154907, 1.9127197265625, 0.9647671580314636, 0.09882118552923203, 0.2438414990901947, 0.0005888566374778748, 0.9259702563285828, -0.37759602069854736, -0.26310446858406067, 0.3644358515739441, 0.8932874798774719),
		[104] = CFrame.new(2.579925537109375, -1.8926039934158325, 1.591400146484375, 0.9680406451225281, 0.09521609544754028, 0.232015460729599, 0.00046874210238456726, 0.9244377017021179, -0.3813328146934509, -0.25079286098480225, 0.3692544102668762, 0.894848644733429),
		[105] = CFrame.new(2.4254684448242188, -1.9122487306594849, 1.4298477172851562, 0.970153272151947, 0.09263643622398376, 0.22410061955451965, 0.0007294081151485443, 0.9230359792709351, -0.38471296429634094, -0.24249136447906494, 0.3733939826488495, 0.8954188227653503),
		[106] = CFrame.new(2.2710113525390625, -1.9318933486938477, 1.2682952880859375, 0.9721936583518982, 0.09001390635967255, 0.21618744730949402, 0.0009494088590145111, 0.9216516017913818, -0.38801732659339905, -0.23417645692825317, 0.3774332106113434, 0.8959383964538574),
		[107] = CFrame.new(2.1165542602539062, -1.9515380859375, 1.1067352294921875, 0.9741617441177368, 0.08735889196395874, 0.2082722932100296, 0.0011397525668144226, 0.9202512502670288, -0.3913263976573944, -0.22584868967533112, 0.3814525902271271, 0.896373987197876),
		[108] = CFrame.new(1.96209716796875, -1.9711827039718628, 0.9451828002929688, 0.9760390520095825, 0.08468852192163467, 0.20043861865997314, 0.001317821443080902, 0.9188350439071655, -0.39463967084884644, -0.21759146451950073, 0.3854478597640991, 0.8967072367668152),
		[109] = CFrame.new(1.8076400756835938, -1.9908274412155151, 0.78363037109375, 0.9778633117675781, 0.08196894824504852, 0.19252115488052368, 0.001448698341846466, 0.9174028635025024, -0.3979572057723999, -0.20923960208892822, 0.38942664861679077, 0.8969758749008179),
		[110] = CFrame.new(1.5978317260742188, -1.9970380067825317, 0.657379150390625, 0.9803604483604431, 0.07782110571861267, 0.1812104880809784, 0.0018353164196014404, 0.915212094783783, -0.4029683470726013, -0.19720548391342163, 0.39538681507110596, 0.8970949053764343),
		[111] = CFrame.new(1.3880233764648438, -2.003248691558838, 0.5311355590820312, 0.9827049970626831, 0.07368802279233932, 0.16988505423069, 0.002072542905807495, 0.9129812121391296, -0.40799638628959656, -0.18516631424427032, 0.40129217505455017, 0.897038459777832),
		[112] = CFrame.new(1.17822265625, -2.0094592571258545, 0.4048919677734375, 0.9849035143852234, 0.06939490139484406, 0.15858551859855652, 0.0023204348981380463, 0.9107531905174255, -0.41294461488723755, -0.17308852076530457, 0.4070786237716675, 0.8968430161476135),
		[113] = CFrame.new(0.968414306640625, -2.015669822692871, 0.2786407470703125, 0.9869526624679565, 0.0650407001376152, 0.14728936553001404, 0.0025105178356170654, 0.9084523320198059, -0.41798096895217896, -0.1609911322593689, 0.4128972291946411, 0.8964361548423767),
		[114] = CFrame.new(0.58514404296875, -1.9422789812088013, 0.031158447265625, 0.9897971749305725, 0.05788054317235947, 0.13019762933254242, 0.0027444344013929367, 0.9058584570884705, -0.4235716760158539, -0.14245717227458954, 0.41960737109184265, 0.8964572548866272),
		[115] = CFrame.new(0.20186614990234375, -1.868888020515442, -0.2163238525390625, 0.9922923445701599, 0.050602350383996964, 0.11311635375022888, 0.0028657428920269012, 0.903210461139679, -0.42918840050697327, -0.12388581037521362, 0.42620453238487244, 0.8961037993431091),
		[116] = CFrame.new(-0.18140411376953125, -1.7954970598220825, -0.46380615234375, 0.9944471120834351, 0.043183833360672, 0.09596921503543854, 0.0028493665158748627, 0.9005467295646667, -0.4347498416900635, -0.105198934674263, 0.4326092004776001, 0.8954230546951294),
		[117] = CFrame.new(-0.5646743774414062, -1.7221060991287231, -0.7112884521484375, 0.9962420463562012, 0.0356699600815773, 0.07892660796642303, 0.0027387812733650208, 0.8978300094604492, -0.4403337240219116, -0.08656936883926392, 0.43889516592025757, 0.8943582773208618),
		[118] = CFrame.new(-1.1214065551757812, -1.5691134929656982, -1.0800018310546875, 0.9981117248535156, 0.025173909962177277, 0.05602962523698807, 0.0024993428960442543, 0.894761860370636, -0.446536660194397, -0.0613742470741272, 0.4458335041999817, 0.89300936460495),
		[119] = CFrame.new(-1.6603775024414062, -1.3166470527648926, -1.501708984375, 0.9991359710693359, 0.01665487512946129, 0.03807724267244339, 0.0023861690424382687, 0.8916921615600586, -0.4526360034942627, -0.04149177670478821, 0.45233577489852905, 0.8908820152282715),
		[120] = CFrame.new(-2.1993560791015625, -1.0641804933547974, -1.9234161376953125, 0.9997641444206238, 0.00809234194457531, 0.02015230432152748, 0.0020531006157398224, 0.8885990381240845, -0.45868024230003357, -0.02161911502480507, 0.45861342549324036, 0.8883728384971619),
		[121] = CFrame.new(-2.7383346557617188, -0.8117139339447021, -2.3451156616210938, 0.9999971389770508, -0.0006776668014936149, 0.002300719264894724, 0.001669132150709629, 0.8854849934577942, -0.4646649658679962, -0.0017223645700141788, 0.4646674692630768, 0.8854836225509644),
		[122] = CFrame.new(-3.2773056030273438, -0.5592474937438965, -2.7668228149414062, 0.9998331665992737, -0.00950525514781475, -0.015596405602991581, 0.0010460247285664082, 0.8823097944259644, -0.4706680178642273, 0.018234681338071823, 0.47057318687438965, 0.8821725249290466),
		[123] = CFrame.new(-4.165946960449219, 0.0480799674987793, -3.4310150146484375, 0.9994604587554932, -0.017079878598451614, -0.028055107221007347, 0.0014811973087489605, 0.8767287731170654, -0.4809827506542206, 0.03281184658408165, 0.4806816875934601, 0.8762810230255127),
		[124] = CFrame.new(-5.054595947265625, 0.6554076671600342, -4.09521484375, 0.99887615442276, -0.024713467806577682, -0.04044315963983536, 0.001662985421717167, 0.8710477948188782, -0.4911954700946808, 0.04736706614494324, 0.4905761778354645, 0.8701099753379822),
		[125] = CFrame.new(-5.943244934082031, 1.262735366821289, -4.759407043457031, 0.9980798363685608, -0.03249172121286392, -0.052733950316905975, 0.0016704415902495384, 0.8651795387268066, -0.501459538936615, 0.06191761791706085, 0.5004085898399353, 0.8635725378990173),
		[126] = CFrame.new(-6.831886291503906, 1.8700628280639648, -5.4235992431640625, 0.9970715641975403, -0.04040643572807312, -0.06492799520492554, 0.0015107747167348862, 0.8592585325241089, -0.5115393400192261, 0.07645942270755768, 0.5099432468414307, 0.856803297996521),
		[127] = CFrame.new(-7.091156005859375, 2.5065183639526367, -6.182594299316406, 0.9967558979988098, -0.042606763541698456, -0.06828111410140991, 0.0012717749923467636, 0.8566150665283203, -0.5159545540809631, 0.08047378063201904, 0.5141939520835876, 0.8538902997970581),
		[128] = CFrame.new(-7.350433349609375, 3.142974376678467, -6.94158935546875, 0.9964220523834229, -0.044904157519340515, -0.07160095870494843, 0.0010986346751451492, 0.8539908528327942, -0.5202868580818176, 0.08450961112976074, 0.5183466076850891, 0.8509846925735474),
		[129] = CFrame.new(-7.609703063964844, 3.7794299125671387, -7.700584411621094, 0.9960718750953674, -0.04722171649336815, -0.07490641623735428, 0.000900760293006897, 0.851294994354248, -0.5246865749359131, 0.08854406327009201, 0.5225580930709839, 0.8479934930801392),
		[130] = CFrame.new(-7.8689727783203125, 4.415885925292969, -8.459579467773438, 0.9957075715065002, -0.04947344958782196, -0.07822304964065552, 0.0005988273769617081, 0.8485759496688843, -0.5290732979774475, 0.0925532728433609, 0.5267553925514221, 0.8449630737304688),
		[131] = CFrame.new(-8.128250122070312, 5.052341461181641, -9.218574523925781, 0.9953247308731079, -0.05182149261236191, -0.08150569349527359, 0.0003629922866821289, 0.8458771109580994, -0.5333777070045471, 0.09658422321081161, 0.5308544039726257, 0.841941237449646),
		[132] = CFrame.new(-8.387519836425781, 5.6887969970703125, -9.977569580078125, 0.9949256181716919, -0.05418621748685837, -0.08477567136287689, 0.00010628439486026764, 0.8431536555290222, -0.5376726984977722, 0.10061337053775787, 0.5349352955818176, 0.8388808965682983),
		[133] = CFrame.new(-8.094512939453125, 6.478933334350586, -10.960433959960938, 0.9955209493637085, -0.05117674916982651, -0.07949181646108627, -0.00005874410271644592, 0.8404830694198608, -0.5418378114700317, 0.0945410206913948, 0.5394155979156494, 0.8367154598236084),
		[134] = CFrame.new(-7.801506042480469, 7.269068717956543, -11.94329833984375, 0.9960770010948181, -0.048222966492176056, -0.07419639080762863, -0.0001113303005695343, 0.8377842903137207, -0.5460014343261719, 0.08849037438631058, 0.5438677072525024, 0.8344922661781311),
		[135] = CFrame.new(-7.508491516113281, 8.059205055236816, -12.926170349121094, 0.9965982437133789, -0.04515960067510605, -0.0689387246966362, -0.000216752290725708, 0.8350616693496704, -0.55015629529953, 0.08241292089223862, 0.5482997298240662, 0.8322111964225769),
		[136] = CFrame.new(-7.215484619140625, 8.849340438842773, -13.909034729003906, 0.9970804452896118, -0.04215197637677193, -0.06366964429616928, -0.0002096816897392273, 0.83231121301651, -0.5543086528778076, 0.07635816186666489, 0.5527036190032959, 0.8298723697662354),
		[137] = CFrame.new(-6.922477722167969, 9.639476776123047, -14.891899108886719, 0.9975274801254272, -0.039035018533468246, -0.058439284563064575, -0.00025519728660583496, 0.8295366764068604, -0.5584522485733032, 0.07027672231197357, 0.5570863485336304, 0.8274756669998169),
		[138] = CFrame.new(-6.6394195556640625, 10.478052139282227, -15.875022888183594, 0.9978845119476318, -0.03628668934106827, -0.053942300379276276, -0.0001551453024148941, 0.8284031748771667, -0.5601322650909424, 0.06501131504774094, 0.5589556694030762, 0.8266450762748718),
		[139] = CFrame.new(-6.356361389160156, 11.31662654876709, -16.85814666748047, 0.9982151985168457, -0.03344621881842613, -0.04947512224316597, -0.0001270100474357605, 0.8272653818130493, -0.5618114471435547, 0.059719521552324295, 0.5608149766921997, 0.8257845640182495),
		[140] = CFrame.new(-6.07330322265625, 12.15520191192627, -17.841262817382812, 0.9985208511352539, -0.030655186623334885, -0.04490337520837784, 0.00001719500869512558, 0.8260692358016968, -0.5635687112808228, 0.054369598627090454, 0.5627343654632568, 0.8248478770256042),
		[141] = CFrame.new(-5.790245056152344, 12.99377727508545, -18.824386596679688, 0.9987937808036804, -0.02787766233086586, -0.04042021930217743, 0.00014932826161384583, 0.8249178528785706, -0.5652526617050171, 0.04910128563642502, 0.5645648241043091, 0.8239269852638245),
		[142] = CFrame.new(-5.5071868896484375, 13.832351684570312, -19.807510375976562, 0.9990400075912476, -0.025008145719766617, -0.03596747666597366, 0.0002097068354487419, 0.8237618803977966, -0.5669359564781189, 0.04380664974451065, 0.5663841366767883, 0.822976291179657),
		[143] = CFrame.new(-5.224128723144531, 14.670927047729492, -20.790634155273438, 0.9992570877075195, -0.022211525589227676, -0.031494107097387314, 0.0003631981089711189, 0.8225987553596497, -0.5686221718788147, 0.038536977022886276, 0.5681882500648499, 0.821995735168457),
		[144] = CFrame.new(-4.951019287109375, 15.557941436767578, -21.774009704589844, 0.9994233846664429, -0.019655227661132812, -0.027686314657330513, 0.0004509957507252693, 0.8230242729187012, -0.5680060386657715, 0.0339507982134819, 0.5676660537719727, 0.822558581829071),
		[145] = CFrame.new(-4.677909851074219, 16.44495391845703, -22.75738525390625, 0.9995686411857605, -0.01710045151412487, -0.023876924067735672, 0.0005366355180740356, 0.8234988451004028, -0.5673177242279053, 0.029364008456468582, 0.5670602321624756, 0.8231527805328369),
		[146] = CFrame.new(-4.4048004150390625, 17.331968307495117, -23.740768432617188, 0.9996901154518127, -0.014656662940979004, -0.020121784880757332, 0.0006752167828381062, 0.8239705562591553, -0.5666322112083435, 0.024884695187211037, 0.5664430260658264, 0.8237251043319702),
		[147] = CFrame.new(-4.131690979003906, 18.218982696533203, -24.724143981933594, 0.9997937083244324, -0.012107811868190765, -0.016307435929775238, 0.0007531717419624329, 0.8244407176971436, -0.5659477710723877, 0.02029690518975258, 0.5658187866210938, 0.82427978515625),
